arm                                     rows  gnrw  absnt    NaN   gn_med      gn_max      gn@  sp10x splate
postrain30k                              300   150    150      0    1.179       15.84    18000      1      1
postrain30k_freeze                       300   150    150      0    0.512        1.08      600      0      0
postrain30k_seed1                        300   150    150      0    1.665       41.15    13800      2      1
splitp30k                                300   150    150      0    0.488       1.045      600      0      0
k60clip05p30k                            300   150    150      0    5.199   1.931e+10    21800     31     21
k8clip05p30k                             300   150    150      0   10.096       314.1    19600      4      4
k60p30k.DIVERGED-clip1.0.DO-NOT-CENSUS    90    45     45      0    5.845   2.106e+09     9000     10     10
emao14_30k                               300   150    150      0    1.062       113.4    23600      5      3
emao14_30k_tauramp                       300   150    150      0    0.979        18.3    20800      1      1
o14fut30k                                300   150    150      0    1.367       25.09     4400      1      0
champ30k                                 300   150    150      0    1.276       14.74    23600      1      1
omega30k                                 300   150    150      0    0.887       3.479      200      0      0
k4_30k                                   300   150    150      0    2.011       13.58     6400      0      0
o1ctrl30k                                300   150    150      0    3.681       878.3    17000      7      4
ok8p30k                                  300   150    150      0    5.751       34.23    25800      0      0
rdw8p30k                                 300   150    150      0    3.294       16.85    22600      0      0
ro128p30k                                300   150    150      0    6.042       118.5    20400      1      1
o11p30k                                   76    38     38      0    3.618       673.7     5200      1      1
scale1                                   300   150    150      0    2.542       304.5     4200      4      2

TOP GNORM SPIKES (step, gnorm) for the unstable arms:
  k60clip05p30k                            [(21800, 19309707264.0), (18000, 12379291648.0), (17800, 709179904.0), (22200, 465450080.0), (22000, 67774352.0), (21600, 18453836.0), (16800, 11707575.0), (17000, 11194988.0)]
  k60p30k.DIVERGED-clip1.0.DO-NOT-CENSUS   [(9000, 2106246528.0), (7600, 42903160.0), (8000, 95728.992), (7800, 43598.93), (7000, 28680.779), (8600, 725.225), (8200, 675.681), (8400, 377.594)]
  o1ctrl30k                                [(17000, 878.261), (7200, 777.46), (22800, 600.1), (3200, 276.74), (27600, 109.455), (14400, 66.727), (28200, 46.863)]
  k8clip05p30k                             [(19600, 314.115), (26000, 153.373), (29400, 108.81), (28800, 101.593)]
